0.51,0.27
0.86,0.55
0.61,0.04
0.43,0.45
0.86,0.85
0.38,0.15
0.07,0.98
0.67,0.96
0.7,0.78
0.42,0.02
0.94,0.47
0.56,0.88
0.78,0.08
0.69,0.16
0.35,0.33
0.88,0.94
0.79,0.07
0.03,0.64
0.22,0.67
0.29,0.12
0.89,0.83
0.01,0.35
0.69,0.85
0.03,0.58
0.37,0.18
0.59,0.61
0.74,0.44
0.26,0.43
0.07,0.34
0.36,0.26
0.72,0.01
0.4,0.74
0.27,0.05
0.25,0.29
0.49,0.87
0.6,0.15
0.13,0.01
0.45,0.14
0.32,0.85
0.21,0.11
0.32,0.81
0.05,0.22
0.05,0.1
0.53,0.72
0.91,0.28
0.1,0.21
0.73,0.9
0.73,0.35
0.26,0.74
0.34,0.74
0.22,0.03
0.06,0.58
0.24,0.88
0.34,0.52
0.86,0.31
0.32,0.95
0.9,0.71
0.51,0.21
0.68,0.94
0.45,0.82
0.66,0.39
0.96,0.09
0.75,0.91
0.84,0.37
0.94,0.9
0.4,0.34
0.34,0.04
0.47,0.22
0.44,0.88
0.17,0.98
0.52,0.73
0.36,0.74
0.66,0.0
0.16,0.5
0.47,0.54
0.51,0.69
0.93,0.67
0.91,0.79
0.44,0.16
0.85,0.25
0.57,0.95
0.02,0.38
0.55,0.07
0.99,0.4
0.11,0.06
0.71,0.48
0.28,0.87
0.41,0.79
0.88,0.49
0.55,0.3
0.37,0.36
0.3,0.83
0.37,0.67
0.74,0.21
0.91,0.69
0.55,0.33
0.93,0.29
0.01,0.21
0.36,0.31
0.05,0.4
0.35,0.54
0.33,0.5
0.42,0.76
0.51,0.59
0.64,0.85
0.74,0.05
0.58,0.8
0.64,0.88
0.85,0.57
0.18,0.75
0.94,0.25
0.72,0.14
0.46,0.73
0.05,0.05
0.08,0.76
0.43,0.2
0.99,0.24
0.98,0.2
0.44,0.76
0.77,0.24
0.62,0.3
0.36,0.89
0.71,0.56
0.38,0.16
0.14,0.28
0.31,0.74
0.02,0.03
0.64,0.71
0.87,0.98
0.6,0.9
0.08,0.26
0.42,0.0
0.48,0.65
0.89,0.48
0.15,0.14
0.75,0.81
0.2,0.38
0.58,0.03
0.52,0.26
0.57,0.61
0.77,0.0
0.0,0.86
0.19,0.24
0.29,0.51
0.13,0.84
0.41,0.54
0.14,0.07
0.75,0.8
0.28,0.76
0.66,0.21
0.49,0.6
0.54,0.38
0.85,0.96
0.5,0.68
0.96,0.48
0.51,0.5
0.57,0.91
0.77,0.29
0.48,0.74
0.58,0.8
0.19,0.24
0.13,0.71
0.57,0.33
0.55,0.2
0.66,0.62
0.18,0.01
0.37,0.58
0.44,0.31
0.85,0.74
0.99,0.15
0.46,0.65
0.11,0.11
0.56,0.7
0.04,0.55
0.79,0.28
0.09,0.17
0.96,0.89
0.08,0.78
0.43,0.8
0.35,0.02
0.01,0.77
0.77,0.66
0.53,0.9
0.63,0.26
0.3,0.43
0.99,0.5
0.9,0.22
0.45,0.25
0.19,0.6
0.88,0.57
0.42,0.28
0.04,0.26
0.22,0.49
0.45,0.92
0.2,0.99
0.04,0.07
0.85,0.22
0.02,0.21
0.36,0.45
0.0,0.16
0.29,0.39
0.59,0.31
0.6,0.81
0.73,0.41
0.6,0.26
0.99,0.96
0.11,0.14
0.77,0.33
0.69,0.97
0.91,1.0
0.71,0.43
0.89,0.08
0.53,0.07
0.78,0.98
0.01,0.71
0.43,0.49
0.11,0.37
0.27,0.43
0.05,0.95
0.0,0.57
0.64,0.41
0.69,0.65
0.77,0.01
0.9,0.42
0.73,0.04
0.46,0.16
0.13,0.52
0.01,0.84
0.66,0.17
0.44,0.97
0.14,0.43
0.3,0.41
0.86,0.57
0.81,0.56
0.43,0.53
0.92,0.38
0.41,0.48
0.14,0.95
0.32,0.72
0.38,0.72
0.51,0.99
0.83,0.75
0.06,0.86
0.71,0.68
0.96,0.93
0.1,0.03
0.72,0.74
0.21,0.14
0.55,0.36
0.97,0.58
0.66,0.89
0.85,0.8
0.94,0.0
0.12,0.37
0.57,0.84
0.51,0.78
0.96,0.3
0.02,0.71
0.01,0.41
0.16,0.24
0.1,0.82
0.55,0.68
0.45,0.99
0.88,0.62
0.66,0.66
0.41,0.39
0.75,0.14
0.52,0.31
0.08,0.47
0.39,0.95
0.9,0.14
0.82,0.11
0.08,0.38
0.07,0.72
0.8,0.48
0.78,0.39
0.93,0.12
0.61,0.59
0.47,0.07
0.38,0.18
0.3,0.59
0.91,0.31
0.02,0.52
0.34,0.06
0.55,0.12
0.18,0.77
0.87,0.18
0.54,0.56
0.59,0.81
0.9,0.05
0.26,0.09
0.96,0.45
0.72,0.64
0.54,0.29
0.69,0.45
0.71,0.83
0.17,0.7
0.86,0.23
0.26,0.48
0.09,0.91
0.19,0.97
0.21,0.61
0.21,0.44
0.23,0.41
0.16,0.8
0.95,0.85
0.5,0.8
0.26,0.84
0.27,0.0
0.88,0.88
0.82,0.6
0.97,0.11
0.82,0.34
1.0,0.05
0.24,0.52
0.12,0.01
0.7,0.35
0.89,0.93
0.08,0.97
0.24,0.07
0.14,0.05
0.27,0.61
0.91,0.71
0.88,0.8
0.08,0.15
0.91,0.0
0.0,0.88
0.67,0.62
0.92,0.39
0.04,0.07
0.21,0.03
0.83,0.11
0.93,0.79
0.98,0.13
0.42,0.56
0.97,0.47
0.19,0.54
0.36,0.84
0.26,0.12
0.4,0.49
0.69,0.17
0.38,0.92
0.3,0.91
0.22,0.84
0.94,0.91
0.09,0.95
0.87,0.5
0.99,0.87
0.87,0.42
0.52,0.25
0.5,0.67
0.16,0.05
0.39,0.32
0.79,0.39
0.39,0.81
0.82,0.33
0.25,0.79
0.51,0.29
0.71,0.38
0.95,0.4
0.67,0.66
0.97,0.7
0.86,0.02
0.96,0.91
0.49,0.87
0.77,0.73
0.08,0.68
0.06,0.84
0.89,0.96
0.26,0.24
0.89,0.53
1.0,0.81
0.54,0.48
0.33,0.71
0.85,0.15
0.69,0.89
0.23,0.95
0.7,0.47
0.13,0.89
0.98,0.87
0.28,0.61
0.74,0.71
0.81,0.21
0.13,0.98
0.78,0.91
0.28,0.37
0.44,1.0
0.52,0.29
0.41,0.46
0.88,0.48
0.29,0.0
0.59,0.88
0.37,0.22
0.93,0.37
0.58,0.35
0.47,0.24
0.82,0.39
1.0,0.69
0.81,0.61
0.25,0.51
