0.145194814325, 0
0.161036708495, 0
0.157206756676, 0
0.131731790478, 0
0.141782570878, 0
0.135969154735, 0
0.0626965394104, 0
0.119450597311, 0
0.135513122525, 0
0.140756045973, 0
0.16991263886, 0
0.116833734212, 0
0.17000811255, 0
0.16237644656, 0
0.128894015098, 0
0.136052690393, 0
0.170790427267, 0
0.0832091258087, 0
0.100205128896, 0
0.127876086096, 0
0.14519475076, 0
0.0949372546182, 0
0.129652032811, 0
0.0866458150118, 0
0.134545912475, 0
0.137600904076, 0
0.157903957485, 0
0.116604630157, 0
0.101269751287, 0
0.131866421141, 0
0.165933467239, 0
0.112788690104, 0
0.126548169708, 0
0.120564783477, 0
0.111545243541, 0
0.155341355133, 0
0.112958414304, 0
0.142518153032, 0
0.0974549706501, 0
0.12024159978, 0
0.100406499357, 0
0.10258766186, 0
0.104498333455, 0
0.125733907035, 0
0.1750559178, 0
0.107786433137, 0
0.128847960327, 0
0.160624234785, 0
0.0995549110622, 0
0.107195565087, 0
0.121777965683, 0
0.0896426656395, 0
0.0874853770626, 0
0.120130627182, 0
0.171017613278, 0
0.089624965008, 0
0.154168878562, 0
0.146620816161, 0
0.121858104905, 0
0.11171867414, 0
0.153802591183, 0
0.181514430131, 0
0.129538450951, 0
0.167697046558, 0
0.142916806868, 0
0.133217300784, 0
0.13326871988, 0
0.142878373471, 0
0.106309060926, 0
0.0726204895833, 0
0.124205454019, 0
0.1090742792, 0
0.161311685197, 0
0.10369007685, 0
0.131059496674, 0
0.125942326188, 0
0.158544160676, 0
0.149334905534, 0
0.141316674844, 0
0.172019282685, 0
0.11213151382, 0
0.094866330227, 0
0.152023822918, 0
0.17570869726, 0
0.110797884077, 0
0.15388286938, 0
0.0921182195804, 0
0.110245464364, 0
0.165307173751, 0
0.147802371806, 0
0.129751225564, 0
0.0970395966733, 0
0.114543709785, 0
0.165231882635, 0
0.156074975469, 0
0.146872957246, 0
0.17598638164, 0
0.0988030748058, 0
0.130460780316, 0
0.0971040163274, 0
0.120060648882, 0
0.120162559029, 0
0.11325964638, 0
0.131911792598, 0
0.125717858725, 0
0.167303817202, 0
0.124473064614, 0
0.123434658556, 0
0.15931813803, 0
0.09107184423, 0
0.177647052212, 0
0.164960066818, 0
0.118912250931, 0
0.104872942967, 0
0.080475070471, 0
0.139693738027, 0
0.180736395345, 0
0.181056394833, 0
0.115077547581, 0
0.166747321348, 0
0.153637164966, 0
0.0981686259849, 0
0.149908888203, 0
0.135814775279, 0
0.110059855296, 0
0.104352719517, 0
0.101954870044, 0
0.135555731735, 0
0.132135148379, 0
0.118625244167, 0
0.10463046721, 0
0.140776045306, 0
0.125786297409, 0
0.166406667031, 0
0.113965412869, 0
0.137113719298, 0
0.112733396637, 0
0.154757397054, 0
0.146327011598, 0
0.135928006658, 0
0.169613523863, 0
0.0652437468164, 0
0.116019686983, 0
0.115869673275, 0
0.0797096968461, 0
0.125631800935, 0
0.11370941149, 0
0.137834546937, 0
0.100119165931, 0
0.15911477667, 0
0.129596150308, 0
0.144280062723, 0
0.132480039121, 0
0.125699825736, 0
0.170618649108, 0
0.136575980877, 0
0.115337779822, 0
0.165437911414, 0
0.120024773427, 0
0.124473064614, 0
0.116019686983, 0
0.088799601861, 0
0.148567439226, 0
0.150275380677, 0
0.142699530864, 0
0.117897957384, 0
0.119807808188, 0
0.137827303495, 0
0.148974896387, 0
0.182479705654, 0
0.124003190551, 0
0.110373439879, 0
0.129602838521, 0
0.0892513856246, 0
0.167140871073, 0
0.107546331611, 0
0.144860359487, 0
0.0790828231981, 0
0.111357751178, 0
0.134269781412, 0
0.0727910502945, 0
0.148612747012, 0
0.112714330948, 0
0.155553473608, 0
0.120448595634, 0
0.171360854049, 0
0.175922435896, 0
0.140387795582, 0
0.101419450989, 0
0.161263985406, 0
0.136881589137, 0
0.100637931232, 0
0.110056248169, 0
0.104078569075, 0
0.0747359191377, 0
0.103754033444, 0
0.172717785447, 0
0.0998029581417, 0
0.125272133563, 0
0.0987227283376, 0
0.121086128496, 0
0.15086945928, 0
0.125414090635, 0
0.158399045782, 0
0.153103245153, 0
0.140954596467, 0
0.109999429705, 0
0.164217758216, 0
0.120183671338, 0
0.132980604556, 0
0.15607995207, 0
0.177387345383, 0
0.150308434146, 0
0.126030196597, 0
0.0768361709325, 0
0.129920366104, 0
0.104210564644, 0
0.117569718636, 0
0.0631662258735, 0
0.0841900975162, 0
0.151431626418, 0
0.143262098077, 0
0.169608523904, 0
0.169641584994, 0
0.166606974166, 0
0.143117539034, 0
0.0997453322297, 0
0.0677462659175, 0
0.159870161888, 0
0.0991238996226, 0
0.104850886432, 0
0.121264102948, 0
0.159974353806, 0
0.157154228538, 0
0.127967787294, 0
0.172426625561, 0
0.128560425076, 0
0.0721226204108, 0
0.106637228976, 0
0.112272619855, 0
0.103686710746, 0
0.146962023998, 0
0.0712401474643, 0
0.142940648977, 0
0.141702555059, 0
0.10993834504, 0
0.13978532307, 0
0.119867589606, 0
0.145858405261, 0
0.166134836325, 0
0.124252887855, 0
0.144798711449, 0
0.180755810041, 0
0.105203955289, 0
0.120709487458, 0
0.11990907849, 0
0.177452805743, 0
0.0778360542684, 0
0.0927120656151, 0
0.113065618147, 0
0.0782054623934, 0
0.130025994768, 0
0.0983655394693, 0
0.158461733556, 0
0.140310908347, 0
0.132351838784, 0
0.167185475624, 0
0.144921370773, 0
0.0971482982165, 0
0.0961871504587, 0
0.177354290584, 0
0.172510192768, 0
0.100857932955, 0
0.0821748576478, 0
0.160435101368, 0
0.162818847906, 0
0.179442857674, 0
0.14038081392, 0
0.145043728563, 0
0.13547641622, 0
0.112646088576, 0
0.174183730958, 0
0.0887817846371, 0
0.133168763208, 0
0.151549586478, 0
0.0896940243037, 0
0.174817262981, 0
0.136139110267, 0
0.124585945586, 0
0.178207717002, 0
0.12530332849, 0
0.171963867065, 0
0.146148042986, 0
0.147237986717, 0
0.153698428457, 0
0.132670953109, 0
0.0934024536351, 0
0.17315089579, 0
0.114407547467, 0
0.0703624298687, 0
0.0754158426137, 0
0.102810791769, 0
0.111321156307, 0
0.114509834635, 0
0.0856024915961, 0
0.147339865067, 0
0.117613224795, 0
0.0924543377733, 0
0.126673143669, 0
0.14078900231, 0
0.155648144464, 0
0.18188418113, 0
0.167390049526, 0
0.18402212452, 0
0.11055218061, 0
0.111966220771, 0
0.158359040009, 0
0.137490572981, 0
0.064521422513, 0
0.123525362668, 0
0.113829337504, 0
0.108637945453, 0
0.154786561568, 0
0.146744558825, 0
0.106868577191, 0
0.178950373969, 0
0.0637151144199, 0
0.14348644437, 0
0.172051067989, 0
0.103754033444, 0
0.12080099336, 0
0.173188746907, 0
0.150546525654, 0
0.182205926421, 0
0.125501556407, 0
0.171645400153, 0
0.104656757634, 0
0.101973705912, 0
0.124988918775, 0
0.127175120092, 0
0.162212194913, 0
0.0976740626056, 0
0.090926595615, 0
0.0885692448922, 0
0.142130384989, 0
0.0671561638662, 0
0.164191149892, 0
0.148085252584, 0
0.167741787734, 0
0.146579255955, 0
0.126324720449, 0
0.115806846701, 0
0.132942383321, 0
0.163526233227, 0
0.106968684807, 0
0.167718817326, 0
0.0951249274907, 0
0.14464211224, 0
0.15804984066, 0
0.173447649879, 0
0.141097821853, 0
0.158972790062, 0
0.175764256956, 0
0.143293731779, 0
0.111545243541, 0
0.144130964097, 0
0.085748741272, 0
0.0727426832321, 0
0.13505917336, 0
0.122841852674, 0
0.163987881804, 0
0.153096941776, 0
0.140113091443, 0
0.108240490439, 0
0.174005148308, 0
0.12659492088, 0
0.0809660612999, 0
0.153578597543, 0
0.0759046169193, 0
0.147532391773, 0
0.109600366641, 0
0.143264978762, 0
0.170231808909, 0
0.0686656689386, 0
0.131702516869, 0
0.120868299417, 0
0.0966241770934, 0
0.145512401336, 0
0.129466182551, 0
0.165773380168, 0
0.12859522251, 0
0.119351216711, 0
0.13375128813, 0
0.173394728649, 0
0.148739664964, 0
0.142422426023, 0
0.165605488958, 0
0.161271699981, 0
0.154393519222, 0
0.11201484669, 0
